0.0248756 0.0167271 -0.0214721 0.0245318
0.0497512 0.0336898 -0.0429863 0.0488119
0.0746269 0.0507092 -0.0640513 0.0719855
0.0995025 0.0676061 -0.0841845 0.0932322
0.124378 0.0842041 -0.102924 0.111796
0.149254 0.100332 -0.119841 0.127014
0.174129 0.115828 -0.134549 0.138339
0.199005 0.130539 -0.146713 0.145358
0.223881 0.144328 -0.15606 0.14781
0.248756 0.157069 -0.162382 0.145589
0.273632 0.168655 -0.16554 0.138754
0.298507 0.178999 -0.16547 0.127517
0.323383 0.188027 -0.162177 0.112238
0.348259 0.195691 -0.155739 0.0934109
0.373134 0.201956 -0.146299 0.0716421
0.39801 0.206812 -0.134064 0.0476286
0.422886 0.210264 -0.119292 0.022132
0.447761 0.212335 -0.102289 -0.00404889
0.472637 0.213067 -0.0834006 -0.0301056
0.497512 0.212514 -0.0629973 -0.0552477
0.522388 0.210745 -0.0414694 -0.0787284
0.547264 0.207841 -0.019215 -0.0998678
0.572139 0.203891 0.00336921 -0.118073
0.597015 0.198993 0.0258969 -0.132854
0.621891 0.193251 0.0480004 -0.143836
0.646766 0.186772 0.0693386 -0.150767
0.671642 0.179664 0.0896021 -0.153519
0.696517 0.172035 0.108519 -0.152088
0.721393 0.163994 0.12586 -0.146589
0.746269 0.155644 0.141436 -0.137244
0.771144 0.147083 0.155105 -0.124371
0.79602 0.138406 0.16677 -0.108371
0.820896 0.1297 0.176377 -0.0897097
0.845771 0.121043 0.183911 -0.0688979
0.870647 0.112508 0.189399 -0.0464775
0.895522 0.104157 0.1929 -0.0230017
0.920398 0.0960469 0.194506 0.000981169
0.945274 0.088223 0.194333 0.0249431
0.970149 0.080724 0.192517 0.0483896
0.995025 0.0735805 0.189215 0.0708708
1.0199 0.0668156 0.18459 0.0919908
1.04478 0.0604451 0.178816 0.111414
1.06965 0.0544787 0.172068 0.128869
1.09453 0.0489201 0.16452 0.14415
1.1194 0.0437676 0.156343 0.157118
1.14428 0.0390154 0.147698 0.167697
1.16915 0.0346534 0.138739 0.175869
1.19403 0.0306685 0.129607 0.181673
1.21891 0.0270449 0.12043 0.185193
1.24378 0.0237646 0.11132 0.186555
1.26866 0.0208085 0.102378 0.185917
1.29353 0.0181559 0.0936883 0.183466
1.31841 0.015786 0.0853204 0.179403
1.34328 0.0136776 0.0773308 0.173943
1.36816 0.0118097 0.0697627 0.167306
1.39303 0.0101617 0.0626469 0.159709
1.41791 0.00871347 0.0560034 0.151365
1.44279 0.00744604 0.0498423 0.142474
1.46766 0.0063412 0.044165 0.133226
1.49254 0.0053819 0.0389655 0.123791
1.51741 0.00455221 0.0342316 0.114323
1.54229 0.00383739 0.0299464 0.104955
1.56716 0.0032239 0.0260885 0.0958037
1.59204 0.00269936 0.0226341 0.0869627
1.61692 0.00225259 0.0195571 0.078509
1.64179 0.00187346 0.0168302 0.0705014
1.66667 0.00155294 0.0144256 0.0629825
1.69154 0.00128297 0.0123155 0.0559799
1.71642 0.0010564 0.0104728 0.0495083
1.74129 0.000866964 0.00887106 0.0435709
1.76617 0.000709141 0.0074852 0.0381615
1.79104 0.000578133 0.00629157 0.0332658
1.81592 0.000469774 0.00526809 0.0288632
1.8408 0.000380469 0.00439439 0.0249285
1.86567 0.000307129 0.00365177 0.0214329
1.89055 0.000247113 0.00302328 0.0183452
1.91542 0.000198175 0.00249364 0.015633
1.9403 0.000158409 0.00204916 0.0132638
1.96517 0.00012621 0.00167771 0.0112052
1.99005 0.000100228 0.00136855 0.00942566
2.01493 7.93368e-05 0.00111229 0.0078953
2.0398 6.25959e-05 0.000900737 0.00658576
2.06468 4.92275e-05 0.000726782 0.00547067
2.08955 3.85888e-05 0.000584311 0.00452572
2.11443 3.01516e-05 0.000468085 0.00372875
2.1393 2.3483e-05 0.000373639 0.00305971
2.16418 1.82304e-05 0.000297189 0.00250065
2.18905 1.41071e-05 0.000235544 0.00203561
2.21393 1.08813e-05 0.000186027 0.0016505
2.23881 8.36622e-06 0.000146403 0.00133299
2.26368 6.41182e-06 0.000114815 0.00107237
2.28856 4.89823e-06 8.9728e-05 0.000859361
2.31343 3.72998e-06 6.98783e-05 0.00068601
2.33831 2.83128e-06 5.42307e-05 0.00054553
2.36318 2.14225e-06 4.19414e-05 0.000432166
2.38806 1.61573e-06 3.2325e-05 0.000341062
2.41294 1.21474e-06 2.48277e-05 0.00026815
2.43781 9.10362e-07 1.90039e-05 0.000210034
2.46269 6.80081e-07 1.44963e-05 0.0001639
2.48756 5.06437e-07 1.10202e-05 0.000127425
2.51244 3.75933e-07 8.34904e-06 9.87003e-05
2.53731 2.78173e-07 6.30386e-06 7.61697e-05
2.56219 2.05184e-07 4.74353e-06 5.85668e-05
2.58706 1.50867e-07 3.55734e-06 4.48676e-05
2.61194 1.10578e-07 2.65878e-06 3.42478e-05
2.63682 8.07926e-08 1.98049e-06 2.60469e-05
2.66169 5.88437e-08 1.47029e-06 1.97384e-05
2.68657 4.27225e-08 1.08786e-06 1.4904e-05
2.71144 3.09202e-08 8.02208e-07 1.12133e-05
2.73632 2.23079e-08 5.89589e-07 8.40645e-06
2.76119 1.60438e-08 4.31878e-07 6.27977e-06
2.78607 1.15024e-08 3.15301e-07 4.67446e-06
2.81095 8.22057e-09 2.29427e-07 3.46722e-06
2.83582 5.85667e-09 1.66388e-07 2.56271e-06
2.8607 4.15945e-09 1.20271e-07 1.8875e-06
2.88557 2.94481e-09 8.66485e-08 1.38532e-06
2.91045 2.07834e-09 6.22196e-08 1.0132e-06
2.93532 1.46223e-09 4.45308e-08 7.38454e-07
2.9602 1.02554e-09 3.17662e-08 5.3634e-07
2.98507 7.17022e-10 2.25861e-08 3.88195e-07
3.00995 4.9975e-10 1.60063e-08 2.79998e-07
3.03483 3.47229e-10 1.13062e-08 2.01261e-07
3.0597 2.40505e-10 7.9602e-09 1.44168e-07
3.08458 1.66064e-10 5.58612e-09 1.02917e-07
3.10945 1.14307e-10 3.90733e-09 7.32172e-08
3.13433 7.8436e-11 2.72417e-09 5.19104e-08
3.1592 5.36545e-11 1.89311e-09 3.66786e-08
3.18408 3.65885e-11 1.31131e-09 2.58281e-08
3.20896 2.48733e-11 9.05369e-10 1.81258e-08
3.23383 1.68566e-11 6.23072e-10 1.26773e-08
3.25871 1.13883e-11 4.2741e-10 8.83665e-09
3.28358 7.67007e-12 2.92246e-10 6.13876e-09
3.30846 5.14982e-12 1.99181e-10 4.25021e-09
3.33333 3.44697e-12 1.35316e-10 2.93277e-09
3.35821 2.30005e-12 9.16327e-11 2.01692e-09
3.38308 1.53001e-12 6.18522e-11 1.38243e-09
3.40796 1.01462e-12 4.16163e-11 9.44371e-10
3.43284 6.70763e-13 2.79112e-11 6.42973e-10
3.45771 4.42076e-13 1.86595e-11 4.3631e-10
3.48259 2.90456e-13 1.24346e-11 2.95088e-10
3.50746 1.90253e-13 8.25992e-12 1.98914e-10
3.53234 1.24231e-13 5.46929e-12 1.33641e-10
3.55721 8.08721e-14 3.60995e-12 8.94899e-11
3.58209 5.24831e-14 2.37512e-12 5.97273e-11
3.60697 3.39641e-14 1.5577e-12 3.97318e-11
3.63184 2.19142e-14 1.01836e-12 2.63434e-11
3.65672 1.40864e-14 6.6365e-13 1.74091e-11
3.68159 9.0347e-15 4.3112e-13 1.14671e-11
3.70647 5.76612e-15 2.79179e-13 7.52846e-12
3.73134 3.67382e-15 1.80211e-13 4.92647e-12
3.75622 2.33089e-15 1.15956e-13 3.21326e-12
3.78109 1.47673e-15 7.43783e-14 2.08899e-12
3.80597 9.30162e-16 4.75641e-14 1.35367e-12
3.83085 5.85866e-16 3.03158e-14 8.74319e-13
3.85572 3.63461e-16 1.9264e-14 5.62881e-13
3.8806 2.2494e-16 1.22014e-14 3.61203e-13
3.90547 1.4143e-16 7.70282e-15 2.31036e-13
3.93035 9.48619e-17 4.84998e-15 1.47291e-13
3.95522 5.41639e-17 3.04018e-15 9.36036e-14
3.9801 3.15719e-17 1.90238e-15 5.92926e-14
4.00498 2.02539e-17 1.18463e-15 3.74446e-14
4.02985 8.1588e-18 7.36406e-16 2.35632e-14
4.05473 9.54262e-18 4.59382e-16 1.47876e-14
4.0796 1.40286e-18 2.90794e-16 9.25095e-15
4.10448 5.02039e-19 1.75406e-16 5.76525e-15
4.12935 1.42091e-19 1.01833e-16 3.58239e-15
4.15423 -3.95351e-18 6.39527e-17 2.21697e-15
4.1791 -6.40869e-18 3.61467e-17 1.36855e-15
4.20398 -3.69408e-18 2.24423e-17 8.40363e-16
4.22886 -2.62696e-18 1.52993e-17 5.16334e-16
4.25373 -3.41944e-18 1.29279e-17 3.18557e-16
4.27861 4.24222e-18 1.04357e-17 2.00479e-16
4.30348 2.20157e-18 3.43633e-18 1.25333e-16
4.32836 -1.48862e-18 -9.2174e-20 7.4869e-17
4.35323 -3.68893e-19 1.82332e-18 4.45855e-17
4.37811 -3.96258e-18 2.0361e-18 2.7349e-17
4.40299 -2.42215e-18 -4.1853e-18 1.51294e-17
4.42786 -6.17878e-18 -6.66451e-18 1.03183e-17
4.45274 2.27434e-18 -6.97945e-18 4.17583e-18
4.47761 4.89838e-19 -3.06175e-18 8.83664e-18
4.50249 -1.92862e-19 -1.8642e-18 1.16891e-17
4.52736 -1.19772e-18 1.18882e-18 -3.01157e-18
4.55224 -1.84198e-18 2.06905e-18 -1.19726e-18
4.57711 -6.56992e-18 1.05701e-18 -3.37314e-18
4.60199 -6.77525e-18 -2.25414e-18 1.14499e-18
4.62687 -2.29938e-18 -1.84279e-18 -7.21992e-18
4.65174 -2.62931e-18 -7.79564e-19 -5.07095e-19
4.67662 -7.938e-18 9.05551e-19 1.58241e-18
4.70149 -6.61057e-18 -2.88556e-18 -2.55139e-18
4.72637 1.23737e-18 -1.29979e-18 5.06045e-18
4.75124 1.61699e-18 5.70641e-18 1.39232e-17
4.77612 9.09757e-19 8.09257e-20 3.31268e-18
4.801 1.07574e-18 -3.07053e-18 1.08436e-18
4.82587 -3.58196e-18 -2.60902e-18 -1.30692e-18
4.85075 -9.31101e-18 -4.99982e-18 4.05188e-18
4.87562 -4.9224e-18 -8.98482e-18 -1.02342e-18
4.9005 -6.06665e-18 -9.75558e-18 -6.24436e-18
4.92537 -7.86758e-20 -7.97251e-18 -1.11898e-17
4.95025 -2.12677e-18 -2.34578e-18 -6.20492e-18
4.97512 1.02422e-19 -6.70749e-18 -2.3362e-18
