0.0248756 0.00587233 -0.00783116 0.00912693
0.0497512 0.0118696 -0.0158008 0.0183821
0.0746269 0.0179719 -0.0238535 0.0276668
0.0995025 0.0241588 -0.0319326 0.0368815
0.124378 0.0304093 -0.0399812 0.0459267
0.149254 0.0367025 -0.0479421 0.0547039
0.174129 0.0430171 -0.0557585 0.0631172
0.199005 0.0493317 -0.0633746 0.0710739
0.223881 0.055625 -0.0707356 0.0784857
0.248756 0.061876 -0.0777884 0.0852699
0.273632 0.0680638 -0.0844822 0.0913501
0.298507 0.074168 -0.0907684 0.096657
0.323383 0.0801684 -0.0966015 0.101129
0.348259 0.0860457 -0.101939 0.104715
0.373134 0.0917811 -0.106742 0.10737
0.39801 0.0973565 -0.110975 0.109061
0.422886 0.102755 -0.114607 0.109765
0.447761 0.10796 -0.117612 0.109467
0.472637 0.112956 -0.119966 0.108166
0.497512 0.117729 -0.121652 0.105869
0.522388 0.122265 -0.122657 0.102594
0.547264 0.126554 -0.122972 0.0983672
0.572139 0.130583 -0.122593 0.0932279
0.597015 0.134344 -0.121521 0.0872221
0.621891 0.137827 -0.119761 0.0804054
0.646766 0.141027 -0.117325 0.0728412
0.671642 0.143936 -0.114225 0.0646002
0.696517 0.146551 -0.110481 0.0557597
0.721393 0.148869 -0.106115 0.0464025
0.746269 0.150886 -0.101155 0.0366161
0.771144 0.152604 -0.0956292 0.026492
0.79602 0.154021 -0.0895721 0.0161241
0.820896 0.155141 -0.0830196 0.00560831
0.845771 0.155965 -0.0760107 -0.0049587
0.870647 0.156498 -0.0685866 -0.0154806
0.895522 0.156745 -0.0607905 -0.0258621
0.920398 0.156712 -0.0526672 -0.0360103
0.945274 0.156405 -0.0442628 -0.0458352
0.970149 0.155833 -0.0356242 -0.0552507
0.995025 0.155005 -0.0267989 -0.0641755
1.0199 0.153929 -0.0178345 -0.0725336
1.04478 0.152616 -0.00877856 -0.0802552
1.06965 0.151077 0.000321969 -0.0872771
1.09453 0.149323 0.00942089 -0.0935433
1.1194 0.147365 0.0184731 -0.0990053
1.14428 0.145216 0.027435 -0.103622
1.16915 0.142889 0.0362644 -0.107362
1.19403 0.140395 0.0449213 -0.110201
1.21891 0.137748 0.0533677 -0.112121
1.24378 0.134961 0.0615679 -0.113116
1.26866 0.132046 0.0694887 -0.113186
1.29353 0.129017 0.0770995 -0.112339
1.31841 0.125887 0.0843725 -0.110591
1.34328 0.122667 0.0912826 -0.107965
1.36816 0.119372 0.0978079 -0.10449
1.39303 0.116012 0.103929 -0.100203
1.41791 0.1126 0.10963 -0.0951464
1.44279 0.109148 0.114897 -0.089367
1.46766 0.105666 0.119721 -0.082917
1.49254 0.102166 0.124093 -0.0758527
1.51741 0.0986578 0.12801 -0.0682335
1.54229 0.0951515 0.131469 -0.060122
1.56716 0.0916565 0.13447 -0.0515825
1.59204 0.0881815 0.137018 -0.0426812
1.61692 0.084735 0.139118 -0.0334847
1.64179 0.0813248 0.140776 -0.0240604
1.66667 0.077958 0.142005 -0.0144748
1.69154 0.0746414 0.142814 -0.00479383
1.71642 0.0713811 0.143217 0.00491823
1.74129 0.0681828 0.14323 0.014599
1.76617 0.0650514 0.142869 0.0241884
1.79104 0.0619914 0.142151 0.0336294
1.81592 0.0590069 0.141095 0.042868
1.8408 0.0561012 0.13972 0.0518538
1.86567 0.0532774 0.138047 0.06054
1.89055 0.0505379 0.136096 0.068884
1.91542 0.0478848 0.133889 0.0768473
1.9403 0.0453196 0.131446 0.0843958
1.96517 0.0428434 0.128789 0.0914994
1.99005 0.0404571 0.125939 0.0981329
2.01493 0.038161 0.122917 0.104275
2.0398 0.0359552 0.119744 0.10991
2.06468 0.0338393 0.116441 0.115024
2.08955 0.0318127 0.113025 0.119609
2.11443 0.0298745 0.109518 0.123662
2.1393 0.0280237 0.105938 0.127181
2.16418 0.0262588 0.102301 0.13017
2.18905 0.0245782 0.0986249 0.132636
2.21393 0.0229802 0.0949258 0.134587
2.23881 0.0214628 0.0912186 0.136037
2.26368 0.020024 0.0875173 0.137
2.28856 0.0186615 0.0838351 0.137495
2.31343 0.0173731 0.0801842 0.13754
2.33831 0.0161563 0.0765757 0.137157
2.36318 0.0150087 0.0730198 0.136369
2.38806 0.0139278 0.0695258 0.135201
2.41294 0.012911 0.0661021 0.133676
2.43781 0.0119557 0.0627558 0.131822
2.46269 0.0110594 0.0594936 0.129664
2.48756 0.0102196 0.0563209 0.12723
2.51244 0.00943353 0.0532425 0.124545
2.53731 0.00869883 0.0502624 0.121637
2.56219 0.00801294 0.0473837 0.118531
2.58706 0.00737343 0.0446089 0.115254
2.61194 0.00677788 0.0419397 0.111829
2.63682 0.00622394 0.0393773 0.108283
2.66169 0.00570935 0.0369221 0.104637
2.68657 0.00523187 0.0345743 0.100915
2.71144 0.00478936 0.0323334 0.0971368
2.73632 0.00437975 0.0301983 0.0933232
2.76119 0.00400104 0.0281677 0.0894928
2.78607 0.00365132 0.0262399 0.0856633
2.81095 0.00332875 0.0244129 0.0818508
2.83582 0.00303155 0.0226843 0.0780703
2.8607 0.00275807 0.0210515 0.0743354
2.88557 0.00250669 0.0195118 0.0706585
2.91045 0.0022759 0.0180622 0.0670506
2.93532 0.00206425 0.0166996 0.0635216
2.9602 0.00187037 0.0154208 0.0600801
2.98507 0.00169299 0.0142225 0.0567334
3.00995 0.00153087 0.0131013 0.0534879
3.03483 0.00138287 0.0120538 0.0503488
3.0597 0.00124792 0.0110768 0.0473203
3.08458 0.001125 0.0101667 0.0444056
3.10945 0.00101316 0.00932024 0.0416072
3.13433 0.000911521 0.00853409 0.0389266
3.1592 0.000819252 0.007805 0.0363644
3.18408 0.000735583 0.00712978 0.0339209
3.20896 0.000659795 0.00650532 0.0315954
3.23383 0.000591223 0.00592862 0.0293868
3.25871 0.000529246 0.00539674 0.0272935
3.28358 0.000473291 0.00490688 0.0253132
3.30846 0.00042283 0.00445633 0.0234436
3.33333 0.000377371 0.00404248 0.0216817
3.35821 0.000336463 0.00366286 0.0200244
3.38308 0.000299691 0.00331509 0.0184684
3.40796 0.000266672 0.00299692 0.0170101
3.43284 0.000237055 0.0027062 0.0156456
3.45771 0.000210518 0.00244092 0.0143713
3.48259 0.000186766 0.00219916 0.013183
3.50746 0.000165529 0.00197911 0.012077
3.53234 0.000146562 0.00177908 0.0110492
3.55721 0.00012964 0.00159748 0.0100955
3.58209 0.000114558 0.00143281 0.00921218
3.60697 0.000101131 0.00128369 0.00839523
3.63184 8.9189e-05 0.00114882 0.00764087
3.65672 7.85798e-05 0.00102697 0.00694538
3.68159 6.91644e-05 0.000917037 0.00630514
3.70647 6.08172e-05 0.000817969 0.00571667
3.73134 5.34247e-05 0.000728802 0.00517658
3.75622 4.68846e-05 0.000648643 0.00468163
3.78109 4.11047e-05 0.00057667 0.00422872
3.80597 3.6002e-05 0.000512124 0.00381488
3.83085 3.15018e-05 0.000454308 0.00343727
3.85572 2.75371e-05 0.000402581 0.00309323
3.8806 2.40478e-05 0.000356358 0.00278021
3.90547 2.098e-05 0.000315101 0.00249581
3.93035 1.82857e-05 0.000278319 0.00223778
3.95522 1.59219e-05 0.000245567 0.00200399
3.9801 1.385e-05 0.000216436 0.00179246
4.00498 1.2036e-05 0.000190556 0.00160133
4.02985 1.04494e-05 0.000167591 0.00142887
4.05473 9.06308e-06 0.000147236 0.00127346
4.0796 7.85302e-06 0.000129216 0.0011336
4.10448 6.79789e-06 0.00011328 0.00100791
4.12935 5.87879e-06 9.9204e-05 0.00089509
4.15423 5.07901e-06 8.67847e-05 0.000793962
4.1791 4.38376e-06 7.58396e-05 0.00070343
4.20398 3.78e-06 6.62046e-05 0.000622489
4.22886 3.25622e-06 5.77324e-05 0.000550215
4.25373 2.80228e-06 5.02911e-05 0.000485762
4.27861 2.40927e-06 4.37624e-05 0.000428357
4.30348 2.06936e-06 3.80409e-05 0.000377292
4.32836 1.77566e-06 3.30322e-05 0.000331923
4.35323 1.52215e-06 2.86524e-05 0.000291666
4.37811 1.30355e-06 2.48266e-05 0.000255986
4.40299 1.11523e-06 2.14884e-05 0.000224402
4.42786 9.53166e-07 1.85787e-05 0.000196476
4.45274 8.13824e-07 1.60452e-05 0.000171813
4.47761 6.94134e-07 1.38415e-05 0.000150055
4.50249 5.91421e-07 1.19265e-05 0.000130882
4.52736 5.03355e-07 1.02641e-05 0.000114004
4.55224 4.27914e-07 8.82219e-06 9.91594e-05
4.57711 3.63339e-07 7.57259e-06 8.61158e-05
4.60199 3.08105e-07 6.49045e-06 7.4663e-05
4.62687 2.60889e-07 5.5539e-06 6.46132e-05
4.65174 2.20546e-07 4.7437e-06 5.57981e-05
4.67662 1.86085e-07 4.04294e-06 4.80672e-05
4.70149 1.56645e-07 3.43676e-06 4.12858e-05
4.72637 1.31484e-07 2.91209e-06 3.53332e-05
4.75124 1.09956e-07 2.45743e-06 3.01014e-05
4.77612 9.15038e-08 2.06267e-06 2.54937e-05
4.801 7.56404e-08 1.71885e-06 2.14229e-05
4.82587 6.19422e-08 1.41806e-06 1.78103e-05
4.85075 5.00378e-08 1.15323e-06 1.45846e-05
4.87562 3.95991e-08 9.18037e-07 1.16806e-05
4.9005 3.03337e-08 7.06746e-07 9.03819e-06
4.92537 2.19773e-08 5.14094e-07 6.60122e-06
4.95025 1.42869e-08 3.35175e-07 4.31655e-06
4.97512 7.03447e-09 1.65323e-07 2.13294e-06
