0.0497512 0.0058401 -0.00822931 -0.00988483
0.0995025 0.0119385 -0.0167839 -0.0201129
0.149254 0.0182681 -0.0255843 -0.0305391
0.199005 0.0248001 -0.0345476 -0.0410133
0.248756 0.0315042 -0.043588 -0.0513822
0.298507 0.0383492 -0.0526178 -0.0614921
0.348259 0.0453026 -0.0615484 -0.0711912
0.39801 0.0523313 -0.0702914 -0.0803316
0.447761 0.0594017 -0.0787593 -0.0887723
0.497512 0.06648 -0.0868664 -0.0963805
0.547264 0.0735323 -0.0945303 -0.103035
0.597015 0.080525 -0.101672 -0.108625
0.646766 0.0874248 -0.108218 -0.113058
0.696517 0.0941992 -0.114098 -0.116253
0.746269 0.100817 -0.119251 -0.118149
0.79602 0.107247 -0.12362 -0.118703
0.845771 0.113461 -0.127157 -0.117887
0.895522 0.119431 -0.129822 -0.115698
0.945274 0.125131 -0.131582 -0.112147
0.995025 0.130537 -0.132413 -0.107266
1.04478 0.135627 -0.132299 -0.101105
1.09453 0.140382 -0.131235 -0.0937331
1.14428 0.144784 -0.129222 -0.0852337
1.19403 0.148816 -0.126272 -0.0757068
1.24378 0.152468 -0.122402 -0.0652659
1.29353 0.155727 -0.117641 -0.0540365
1.34328 0.158585 -0.112023 -0.0421544
1.39303 0.161038 -0.10559 -0.0297634
1.44279 0.163081 -0.0983921 -0.0170138
1.49254 0.164714 -0.0904825 -0.00405958
1.54229 0.165939 -0.081922 0.00894331
1.59204 0.166757 -0.0727753 0.0218393
1.64179 0.167177 -0.0631113 0.0344753
1.69154 0.167204 -0.0530021 0.0467027
1.74129 0.166849 -0.0425219 0.0583792
1.79104 0.166124 -0.031747 0.0693708
1.8408 0.165041 -0.0207541 0.0795535
1.89055 0.163615 -0.00962025 0.0888144
1.9403 0.161862 0.00157812 0.0970532
1.99005 0.159799 0.012766 0.104183
2.0398 0.157444 0.0238705 0.110133
2.08955 0.154817 0.0348212 0.114844
2.1393 0.151937 0.0455509 0.118276
2.18905 0.148825 0.0559963 0.120402
2.23881 0.1455 0.0660981 0.121211
2.28856 0.141985 0.0758017 0.120709
2.33831 0.1383 0.0850574 0.118915
2.38806 0.134466 0.0938207 0.115862
2.43781 0.130503 0.102052 0.111596
2.48756 0.126433 0.109719 0.106177
2.53731 0.122274 0.116792 0.0996748
2.58706 0.118048 0.12325 0.0921686
2.63682 0.113771 0.129074 0.0837472
2.68657 0.109463 0.134255 0.0745061
2.73632 0.10514 0.138786 0.0645467
2.78607 0.100819 0.142665 0.0539746
2.83582 0.096516 0.145896 0.0428986
2.88557 0.0922445 0.148488 0.0314288
2.93532 0.0880182 0.150453 0.0196756
2.98507 0.0838496 0.151808 0.00774818
3.03483 0.07975 0.152573 -0.00424655
3.08458 0.0757298 0.15277 -0.0162051
3.13433 0.0717983 0.152427 -0.0280286
3.18408 0.0679637 0.151571 -0.0396233
3.23383 0.0642331 0.150233 -0.0509019
3.28358 0.0606128 0.148445 -0.0617839
3.33333 0.0571081 0.146241 -0.0721962
3.38308 0.0537232 0.143654 -0.0820734
3.43284 0.0504616 0.14072 -0.0913585
3.48259 0.0473258 0.137474 -0.100003
3.53234 0.0443177 0.133951 -0.107966
3.58209 0.0414381 0.130186 -0.115215
3.63184 0.0386875 0.126212 -0.121728
3.68159 0.0360655 0.122063 -0.127487
3.73134 0.0335711 0.117771 -0.132486
3.78109 0.031203 0.113366 -0.136722
3.83085 0.0289591 0.108879 -0.140203
3.8806 0.026837 0.104338 -0.142941
3.93035 0.0248341 0.0997671 -0.144954
3.9801 0.022947 0.0951923 -0.146265
4.02985 0.0211726 0.0906358 -0.146903
4.0796 0.019507 0.0861186 -0.146899
4.12935 0.0179465 0.0816593 -0.14629
4.1791 0.0164871 0.0772752 -0.145114
4.22886 0.0151246 0.0729813 -0.14341
4.27861 0.0138549 0.0687911 -0.141223
4.32836 0.0126736 0.0647161 -0.138594
4.37811 0.0115766 0.0607662 -0.135569
4.42786 0.0105595 0.0569497 -0.132191
4.47761 0.0096182 0.0532733 -0.128504
4.52736 0.00874842 0.0497422 -0.124551
4.57711 0.00794609 0.0463603 -0.120373
4.62687 0.00720722 0.0431301 -0.116013
4.67662 0.00652789 0.0400531 -0.111508
4.72637 0.00590433 0.0371295 -0.106895
4.77612 0.0053329 0.0343587 -0.102209
4.82587 0.00481006 0.0317392 -0.0974828
4.87562 0.00433247 0.0292686 -0.0927465
4.92537 0.00389689 0.026944 -0.0880277
4.97512 0.00350026 0.0247617 -0.0833515
5.02488 0.00313966 0.0227176 -0.0787409
5.07463 0.00281233 0.0208073 -0.0742159
5.12438 0.00251567 0.0190258 -0.0697944
5.17413 0.00224722 0.0173679 -0.0654918
5.22388 0.00200466 0.0158284 -0.0613213
5.27363 0.00178585 0.0144017 -0.0572936
5.32338 0.00158874 0.0130823 -0.0534179
5.37313 0.00141147 0.0118645 -0.0497009
5.42289 0.00125227 0.0107428 -0.0461477
5.47264 0.00110952 0.00971153 -0.0427618
5.52239 0.000981708 0.00876529 -0.0395452
5.57214 0.000867445 0.0078987 -0.0364982
5.62189 0.000765446 0.00710656 -0.0336201
5.67164 0.000674529 0.00638383 -0.0309091
5.72139 0.00059361 0.00572564 -0.0283623
5.77114 0.000521696 0.00512732 -0.0259761
5.8209 0.000457877 0.00458442 -0.0237459
5.87065 0.000401327 0.00409268 -0.0216669
5.9204 0.000351289 0.00364808 -0.0197334
5.97015 0.000307078 0.0032468 -0.0179396
6.0199 0.000268073 0.00288525 -0.0162794
6.06965 0.00023371 0.00256008 -0.0147462
6.1194 0.00020348 0.00226812 -0.0133336
6.16915 0.000176924 0.00200642 -0.012035
6.21891 0.000153629 0.00177226 -0.0108437
6.26866 0.000133225 0.00156308 -0.00975334
6.31841 0.000115377 0.00137653 -0.00875739
6.36816 9.97871e-05 0.00121045 -0.0078496
6.41791 8.61897e-05 0.00106282 -0.00702388
6.46766 7.43467e-05 0.000931823 -0.00627432
6.51741 6.40463e-05 0.000815767 -0.00559529
6.56716 5.51e-05 0.000713117 -0.00498135
6.61692 4.73409e-05 0.00062247 -0.00442737
6.66667 4.06208e-05 0.000542551 -0.00392846
6.71642 3.48088e-05 0.000472205 -0.00348001
6.76617 2.97891e-05 0.000410382 -0.00307769
6.81592 2.54598e-05 0.000356137 -0.00271742
6.86567 2.17311e-05 0.000308615 -0.00239542
6.91542 1.85241e-05 0.000267049 -0.00210816
6.96517 1.57697e-05 0.000230748 -0.00185235
7.01493 1.34073e-05 0.000199096 -0.00162497
7.06468 1.13839e-05 0.00017154 -0.00142322
7.11443 9.65322e-06 0.000147586 -0.00124454
7.16418 8.17496e-06 0.000126797 -0.00108657
7.21393 6.91403e-06 0.000108781 -0.000947146
7.26368 5.83997e-06 9.31918e-05 -0.000824319
7.31343 4.92633e-06 7.9724e-05 -0.000716297
7.36318 4.15021e-06 6.8106e-05 -0.00062146
7.41294 3.49181e-06 5.8099e-05 -0.000538341
7.46269 2.93405e-06 4.94926e-05 -0.000465617
7.51244 2.46217e-06 4.21018e-05 -0.000402096
7.56219 2.0635e-06 3.57645e-05 -0.000346706
7.61194 1.72714e-06 3.03385e-05 -0.000298489
7.66169 1.44373e-06 2.56998e-05 -0.000256585
7.71144 1.20527e-06 2.17399e-05 -0.000220228
7.76119 1.00489e-06 1.83646e-05 -0.000188735
7.81095 8.36734e-07 1.54917e-05 -0.000161501
7.8607 6.95819e-07 1.30501e-05 -0.000137989
7.91045 5.77887e-07 1.09781e-05 -0.000117722
7.9602 4.79323e-07 9.22228e-06 -0.000100281
8.00995 3.97057e-07 7.73659e-06 -8.52968e-05
8.0597 3.28486e-07 6.48128e-06 -7.24431e-05
8.10945 2.71406e-07 5.42217e-06 -6.14348e-05
8.1592 2.23956e-07 4.52989e-06 -5.2022e-05
8.20896 1.84564e-07 3.77925e-06 -4.39862e-05
8.25871 1.51905e-07 3.14867e-06 -3.71368e-05
8.30846 1.24864e-07 2.61971e-06 -3.13078e-05
8.35821 1.02504e-07 2.17663e-06 -2.63549e-05
8.40796 8.40406e-08 1.80602e-06 -2.21531e-05
8.45771 6.88143e-08 1.49647e-06 -1.85939e-05
8.50746 5.62743e-08 1.23829e-06 -1.55838e-05
8.55721 4.59603e-08 1.02325e-06 -1.3042e-05
8.60697 3.74886e-08 8.44408e-07 -1.08989e-05
8.65672 3.05392e-08 6.95876e-07 -9.09472e-06
8.70647 2.48461e-08 5.72692e-07 -7.57821e-06
8.75622 2.01884e-08 4.70675e-07 -6.30544e-06
8.80597 1.63829e-08 3.86306e-07 -5.23884e-06
8.85572 1.32776e-08 3.1663e-07 -4.34637e-06
8.90547 1.0747e-08 2.59169e-07 -3.60071e-06
8.95522 8.68759e-09 2.11846e-07 -2.97865e-06
9.00498 7.01372e-09 1.72928e-07 -2.46046e-06
9.05473 5.65499e-09 1.40964e-07 -2.02942e-06
9.10448 4.5535e-09 1.14749e-07 -1.67141e-06
9.15423 3.66168e-09 9.32771e-08 -1.37446e-06
9.20398 2.94051e-09 7.57127e-08 -1.1285e-06
9.25373 2.35805e-09 6.13629e-08 -9.2504e-07
9.30348 1.88815e-09 4.96532e-08 -7.56941e-07
9.35323 1.50947e-09 4.01081e-08 -6.1821e-07
9.40299 1.20456e-09 3.23345e-08 -5.03817e-07
9.45274 9.59227e-10 2.60077e-08 -4.09551e-07
9.50249 7.61887e-10 2.08595e-08 -3.31881e-07
9.55224 6.03112e-10 1.6669e-08 -2.67854e-07
9.60199 4.75217e-10 1.32534e-08 -2.14995e-07
9.65174 3.71933e-10 1.04617e-08 -1.71225e-07
9.70149 2.88133e-10 8.16872e-09 -1.34797e-07
9.75124 2.19596e-10 6.27001e-09 -1.04228e-07
9.801 1.62824e-10 4.67767e-09 -7.82515e-08
9.85075 1.14872e-10 3.31669e-09 -5.57703e-08
9.9005 7.32137e-11 2.12177e-09 -3.58137e-08
9.95025 3.56098e-11 1.03436e-09 -1.75001e-08
