0.0149254 0.00774192 -0.0099467 0.0113737
0.0298507 0.0155693 -0.0199597 0.0227732
0.0447761 0.0234525 -0.029957 0.0340545
0.0597015 0.0313614 -0.0398564 0.0450744
0.0746269 0.0392661 -0.0495761 0.0556927
0.0895522 0.0471366 -0.0590361 0.0657739
0.104478 0.0549433 -0.0681582 0.075189
0.119403 0.0626569 -0.0768669 0.083817
0.134328 0.0702489 -0.0850906 0.0915468
0.149254 0.0776914 -0.0927613 0.0982787
0.164179 0.0849575 -0.0998161 0.103925
0.179104 0.0920215 -0.106197 0.108412
0.19403 0.0988587 -0.111853 0.111681
0.208955 0.105446 -0.116736 0.113688
0.223881 0.111761 -0.120809 0.114404
0.238806 0.117785 -0.124038 0.113818
0.253731 0.123498 -0.126398 0.111933
0.268657 0.128884 -0.127871 0.108769
0.283582 0.133927 -0.128446 0.104362
0.298507 0.138615 -0.128118 0.0987623
0.313433 0.142937 -0.126892 0.0920351
0.328358 0.146883 -0.124778 0.0842584
0.343284 0.150446 -0.121793 0.0755228
0.358209 0.15362 -0.117962 0.0659295
0.373134 0.156403 -0.113314 0.0555897
0.38806 0.158792 -0.107886 0.0446223
0.402985 0.160789 -0.10172 0.0331531
0.41791 0.162395 -0.0948622 0.0213125
0.432836 0.163615 -0.087364 0.00923406
0.447761 0.164453 -0.0792807 -0.00294686
0.462687 0.164918 -0.0706707 -0.0150952
0.477612 0.165018 -0.0615955 -0.0270777
0.492537 0.164763 -0.0521187 -0.0387645
0.507463 0.164165 -0.0423056 -0.0500303
0.522388 0.163236 -0.0322225 -0.0607565
0.537313 0.16199 -0.021936 -0.0708317
0.552239 0.160443 -0.0115128 -0.0801534
0.567164 0.158609 -0.00101868 -0.0886287
0.58209 0.156505 0.00948159 -0.0961756
0.597015 0.154149 0.0199251 -0.102723
0.61194 0.151556 0.0302511 -0.108212
0.626866 0.148746 0.0404014 -0.112597
0.641791 0.145736 0.0503209 -0.115842
0.656716 0.142544 0.0599579 -0.117926
0.671642 0.13919 0.0692641 -0.118841
0.686567 0.13569 0.0781955 -0.118589
0.701493 0.132063 0.0867119 -0.117186
0.716418 0.128326 0.0947775 -0.114657
0.731343 0.124498 0.102361 -0.11104
0.746269 0.120594 0.109435 -0.106382
0.761194 0.116632 0.115978 -0.100739
0.776119 0.112627 0.121972 -0.0941744
0.791045 0.108594 0.127403 -0.0867609
0.80597 0.104548 0.132261 -0.0785757
0.820896 0.100503 0.136543 -0.0697017
0.835821 0.0964723 0.140247 -0.0602257
0.850746 0.0924673 0.143376 -0.0502376
0.865672 0.0884999 0.145937 -0.0398292
0.880597 0.0845806 0.147939 -0.0290929
0.895522 0.0807193 0.149396 -0.0181213
0.910448 0.0769248 0.150324 -0.00700577
0.925373 0.0732053 0.150742 0.00416443
0.940299 0.069568 0.15067 0.0153028
0.955224 0.0660194 0.150132 0.0263263
0.970149 0.062565 0.149152 0.0371565
0.985075 0.0592099 0.147757 0.0477196
1 0.0559579 0.145974 0.0579472
1.01493 0.0528126 0.143831 0.0677768
1.02985 0.0497765 0.141357 0.0771519
1.04478 0.0468518 0.138582 0.0860227
1.0597 0.0440398 0.135534 0.0943457
1.07463 0.0413414 0.132243 0.102084
1.08955 0.0387566 0.128739 0.109208
1.10448 0.0362855 0.125049 0.115693
1.1194 0.0339271 0.121201 0.121523
1.13433 0.0316804 0.117223 0.126687
1.14925 0.0295437 0.11314 0.131179
1.16418 0.0275153 0.108977 0.135001
1.1791 0.025593 0.104757 0.138159
1.19403 0.0237741 0.100503 0.140663
1.20896 0.022056 0.0962369 0.142529
1.22388 0.0204358 0.0919767 0.143778
1.23881 0.0189104 0.0877412 0.144432
1.25373 0.0174765 0.0835469 0.144517
1.26866 0.0161308 0.079409 0.144064
1.28358 0.0148698 0.0753412 0.143103
1.29851 0.01369 0.0713558 0.141669
1.31343 0.0125879 0.0674635 0.139795
1.32836 0.01156 0.0636737 0.137518
1.34328 0.0106027 0.0599947 0.134875
1.35821 0.00971247 0.0564332 0.131902
1.37313 0.00888588 0.0529947 0.128636
1.38806 0.0081195 0.0496838 0.125113
1.40299 0.00740999 0.0465037 0.121368
1.41791 0.00675408 0.0434569 0.117436
1.43284 0.00614861 0.0405446 0.113351
1.44776 0.0055905 0.0377675 0.109145
1.46269 0.00507678 0.0351252 0.104848
1.47761 0.00460459 0.0326168 0.100488
1.49254 0.00417119 0.0302406 0.0960932
1.50746 0.00377394 0.0279944 0.0916884
1.52239 0.00341035 0.0258755 0.0872966
1.53731 0.00307802 0.0238807 0.0829391
1.55224 0.00277469 0.0220065 0.0786353
1.56716 0.00249821 0.0202491 0.0744023
1.58209 0.00224654 0.0186044 0.0702556
1.59701 0.00201777 0.017068 0.0662087
1.61194 0.0018101 0.0156355 0.0622732
1.62687 0.00162184 0.0143023 0.058459
1.64179 0.0014514 0.0130638 0.0547744
1.65672 0.0012973 0.0119153 0.051226
1.67164 0.00115817 0.0108522 0.047819
1.68657 0.00103272 0.0098698 0.0445571
1.70149 0.000919749 0.00896358 0.0414429
1.71642 0.000818153 0.00812904 0.0384775
1.73134 0.000726907 0.00736182 0.0356614
1.74627 0.000645064 0.00665766 0.0329936
1.76119 0.000571752 0.00601245 0.0304727
1.77612 0.000506166 0.00542222 0.0280962
1.79104 0.000447569 0.00488316 0.0258612
1.80597 0.000395284 0.00439163 0.0237639
1.8209 0.000348692 0.00394415 0.0218004
1.83582 0.000307226 0.00353742 0.0199661
1.85075 0.000270369 0.00316831 0.0182562
1.86567 0.000237652 0.00283385 0.0166656
1.8806 0.000208646 0.00253128 0.0151891
1.89552 0.000182964 0.00225796 0.0138212
1.91045 0.000160253 0.00201144 0.0125565
1.92537 0.000140195 0.00178944 0.0113896
1.9403 0.000122503 0.00158981 0.0103149
1.95522 0.000106917 0.00141057 0.00932704
1.97015 9.32045e-05 0.00124988 0.00842077
1.98507 8.11548e-05 0.00110602 0.00759086
2 7.05799e-05 0.000977435 0.00683229
2.01493 6.13108e-05 0.00086266 0.00614018
2.02985 5.31964e-05 0.000760362 0.00550984
2.04478 4.61018e-05 0.000669318 0.00493678
2.0597 3.99065e-05 0.000588405 0.00441671
2.07463 3.45033e-05 0.000516601 0.00394556
2.08955 2.97967e-05 0.000452969 0.00351945
2.10448 2.57021e-05 0.00039666 0.00313474
2.1194 2.21442e-05 0.000346902 0.00278799
2.13433 1.90566e-05 0.000302994 0.00247597
2.14925 1.63803e-05 0.000264303 0.00219569
2.16418 1.40635e-05 0.000230256 0.00194432
2.1791 1.20602e-05 0.000200338 0.00171925
2.19403 1.03303e-05 0.000174085 0.00151805
2.20896 8.83823e-06 0.000151079 0.00133849
2.22388 7.55286e-06 0.000130946 0.00117849
2.23881 6.44692e-06 0.000113352 0.00103615
2.25373 5.49653e-06 9.79969e-05 0.000909709
2.26866 4.6808e-06 8.46148e-05 0.000797579
2.28358 3.98151e-06 7.29678e-05 0.000698291
2.29851 3.38276e-06 6.28446e-05 0.00061051
2.31343 2.87072e-06 5.40577e-05 0.000533021
2.32836 2.43337e-06 4.64409e-05 0.000464723
2.34328 2.06025e-06 3.98472e-05 0.000404616
2.35821 1.74233e-06 3.41469e-05 0.000351799
2.37313 1.47177e-06 2.92254e-05 0.000305456
2.38806 1.24178e-06 2.4982e-05 0.000264855
2.40299 1.04653e-06 2.13281e-05 0.000229338
2.41791 8.80951e-07 1.81859e-05 0.000198313
2.43284 7.40718e-07 1.54874e-05 0.000171253
2.44776 6.22089e-07 1.31729e-05 0.000147685
2.46269 5.21857e-07 1.11905e-05 0.000127189
2.47761 4.3727e-07 9.49457e-06 0.00010939
2.49254 3.65971e-07 8.04573e-06 9.39554e-05
2.50746 3.05945e-07 6.80957e-06 8.05907e-05
2.52239 2.55471e-07 5.75622e-06 6.90347e-05
2.53731 2.13078e-07 4.85982e-06 5.90569e-05
2.55224 1.77515e-07 4.09796e-06 5.0454e-05
2.56716 1.47718e-07 3.45129e-06 4.30471e-05
2.58209 1.22781e-07 2.9031e-06 3.66789e-05
2.59701 1.01937e-07 2.43898e-06 3.12114e-05
2.61194 8.45335e-08 2.04655e-06 2.65238e-05
2.62687 7.00209e-08 1.71514e-06 2.25103e-05
2.64179 5.79328e-08 1.43564e-06 1.90788e-05
2.65672 4.78763e-08 1.2002e-06 1.6149e-05
2.67164 3.95195e-08 1.00213e-06 1.36508e-05
2.68657 3.25835e-08 8.35712e-07 1.15236e-05
2.70149 2.68332e-08 6.96051e-07 9.71465e-06
2.71642 2.20714e-08 5.7899e-07 8.17834e-06
2.73134 1.81327e-08 4.8099e-07 6.87525e-06
2.74627 1.48784e-08 3.99042e-07 5.77133e-06
2.76119 1.21924e-08 3.30593e-07 4.83721e-06
2.77612 9.97762e-09 2.73478e-07 4.04764e-06
2.79104 8.15315e-09 2.25864e-07 3.38087e-06
2.80597 6.65136e-09 1.86203e-07 2.81824e-06
2.8209 5.4159e-09 1.53183e-07 2.34373e-06
2.83582 4.39983e-09 1.257e-07 1.9436e-06
2.85075 3.56406e-09 1.02818e-07 1.60607e-06
2.86567 2.87602e-09 8.37486e-08 1.32101e-06
2.8806 2.30856e-09 6.78246e-08 1.07975e-06
2.89552 1.83898e-09 5.44802e-08 8.74795e-07
2.91045 1.44827e-09 4.3234e-08 6.99682e-07
2.92537 1.12037e-09 3.36736e-08 5.4877e-07
2.9403 8.41585e-10 2.54427e-08 4.17108e-07
2.95522 6.00118e-10 1.82287e-08 3.00279e-07
2.97015 3.85552e-10 1.17521e-08 1.94275e-07
2.98507 1.88459e-10 5.75677e-09 9.53713e-08
